ThreadCount,min,max,avg,last,cnt,tps,bytes,bps,err,sum
1,24194,24194,24194,24194,1,0,3357,134,0,0
1,836,24194,12515,836,2,0,6714,253,0,0
1,836,24194,8991,1944,3,0,10071,345,0,0
1,836,24194,6983,960,4,0,13428,435,0,0
1,836,24194,5963,1885,5,0,16785,501,0,0
1,733,24194,5092,733,6,0,20142,575,0,0
1,134,24194,4383,134,7,0,23499,653,0,0
1,134,24194,3859,189,8,0,26856,727,0,0
1,118,24194,3443,118,9,0,30213,796,0,0
1,118,24194,3124,247,10,0,33570,860,0,0
1,52,24194,2844,52,11,0,36927,923,0,0
1,52,24194,2632,299,12,0,40284,984,0,0
1,52,24194,2439,123,13,0,43641,1044,0,0
1,52,24194,2270,78,14,0,46998,1097,0,0
1,22,24194,2120,22,15,0,50355,1154,0,0
1,22,24194,1993,76,16,0,53712,1210,0,0
1,22,24194,1889,235,17,0,57069,1259,0,0
1,22,24194,1790,112,18,0,60426,1308,0,0
1,22,24194,1715,352,19,0,63783,1347,0,0
1,22,24194,1644,301,20,0,67140,1388,0,0
1,22,24194,1651,1783,21,0,70496,1391,0,0
1,22,24194,1612,801,22,0,73853,1417,0,0
1,22,24194,1545,67,23,0,77209,1458,0,0
1,22,24194,1482,32,24,0,80566,1506,0,0
1,22,24194,1426,94,25,0,83923,1547,0,0
1,22,24194,1375,96,26,0,87280,1578,0,0
1,22,24194,1335,292,27,0,90637,1612,0,0
1,22,24194,1289,39,28,0,93994,1644,0,0
1,22,24194,1260,448,29,0,97350,1664,0,0
1,22,24194,1224,201,30,0,100707,1695,0,0
1,22,24194,1281,2974,31,0,104064,1649,0,0
1,22,24194,1245,139,32,0,107421,1678,0,0
1,22,24194,1208,37,33,0,110777,1713,0,0
1,22,24194,1174,52,34,0,114134,1741,0,0
1,22,24194,1143,76,35,0,117491,1776,0,0
1,22,24194,1113,78,36,0,120848,1808,0,0
1,22,24194,1086,110,37,0,124205,1837,0,0
1,22,24194,1060,101,38,0,127562,1864,0,0
1,22,24194,1045,459,39,0,130918,1878,0,0
1,22,24194,1032,533,40,0,134275,1891,0,0
1,22,24194,1010,135,41,0,137631,1918,0,0
1,22,24194,989,107,42,0,140988,1940,0,0
1,22,24194,970,167,43,0,144345,1962,0,0
1,22,24194,949,67,44,0,147702,1987,0,0
1,22,24194,931,140,45,0,151059,2016,0,0
1,22,24194,913,107,46,0,154416,2036,0,0
1,22,24194,896,113,47,0,157773,2064,0,0
1,22,24194,880,105,48,0,161130,2079,0,0
1,22,24194,862,35,49,0,164487,2107,0,0
1,22,24194,847,103,50,0,167844,2129,0,0
1,22,24194,832,63,51,0,171201,2152,0,0
1,22,24194,821,271,52,0,174558,2163,0,0
1,22,24194,807,94,53,0,177915,2183,0,0
1,22,24194,793,64,54,0,181272,2208,0,0
1,22,24194,784,280,55,0,184629,2227,0,0
1,22,24194,775,255,56,0,187986,2236,0,0
1,20,24194,761,20,57,0,191341,2256,0,0
1,20,24194,752,199,58,0,194698,2275,0,0
1,20,24194,745,329,59,0,198055,2278,0,0
1,20,24194,737,319,60,0,201412,2292,0,0
1,20,24194,749,1460,61,0,204769,2266,0,0
1,20,24194,739,108,62,0,208126,2279,0,0
1,20,24194,739,729,63,0,211483,2283,0,0
1,20,24194,728,56,64,0,214840,2294,0,0
1,20,24194,719,129,65,0,218197,2312,0,0
1,20,24194,711,171,66,0,221554,2318,0,0
1,20,24194,707,441,67,0,224911,2326,0,0
1,20,24194,697,53,68,0,228268,2337,0,0
1,20,24194,692,379,69,0,231625,2341,0,0
1,20,24194,683,49,70,0,234982,2352,0,0
1,20,24194,675,110,71,0,238339,2367,0,0
1,20,24194,671,423,72,0,241696,2376,0,0
1,20,24194,666,287,73,0,245053,2383,0,0
1,20,24194,663,415,74,0,248410,2393,0,0
1,20,24194,659,374,75,0,251767,2396,0,0
1,20,24194,652,133,76,0,255124,2409,0,0
1,20,24194,651,557,77,0,258481,2412,0,0
1,20,24194,650,607,78,0,261838,2408,0,0
1,20,24194,644,178,79,0,265195,2421,0,0
1,20,24194,650,1077,80,0,268552,2412,0,0
1,20,24194,643,133,81,0,271909,2428,0,0
1,20,24194,639,281,82,0,275266,2434,0,0
1,20,24194,633,176,83,0,278623,2441,0,0
1,20,24194,629,296,84,0,281980,2443,0,0
1,20,24194,635,1161,85,0,285337,2432,0,0
1,20,24194,637,751,86,0,288693,2432,0,0
1,20,24194,630,63,87,0,292050,2441,0,0
1,20,24194,626,262,88,0,295407,2445,0,0
1,20,24194,632,1125,89,0,298764,2434,0,0
1,20,24194,626,133,90,0,302121,2442,0,0
1,20,24194,621,119,91,0,305478,2452,0,0
1,20,24194,619,500,92,0,308835,2454,0,0
1,20,24194,615,272,93,0,312192,2461,0,0
1,20,24194,609,55,94,0,315549,2472,0,0
1,20,24194,604,91,95,0,318906,2486,0,0
1,20,24194,600,226,96,0,322263,2497,0,0
1,20,24194,602,825,97,0,325620,2497,0,0
1,20,24194,597,77,98,0,328977,2506,0,0
1,20,24194,592,139,99,0,332332,2519,0,0
1,20,24194,587,67,100,0,335689,2530,0,0
1,20,24194,587,529,101,0,339046,2536,0,0
1,20,24194,594,1305,102,0,342403,2526,0,0
1,20,24194,591,323,103,0,345759,2529,0,0
1,20,24194,590,505,104,0,349116,2526,0,0
1,20,24194,585,52,105,0,352473,2536,0,0
1,20,24194,584,433,106,0,355830,2535,0,0
1,20,24194,582,447,107,0,359187,2535,0,0
1,20,24194,580,284,108,0,362544,2543,0,0
1,20,24194,576,154,109,0,365901,2554,0,0
1,20,24194,571,75,110,0,369258,2563,0,0
1,20,24194,568,200,111,0,372615,2568,0,0
1,20,24194,564,155,112,0,375972,2571,0,0
1,20,24194,561,237,113,0,379329,2578,0,0
1,20,24194,559,293,114,0,382686,2577,0,0
1,20,24194,564,1204,115,0,386043,2567,0,0
1,20,24194,562,264,116,0,389400,2569,0,0
1,20,24194,565,948,117,0,392757,2561,0,0
1,20,24194,564,386,118,0,396114,2563,0,0
1,20,24194,563,477,119,0,399471,2565,0,0
1,20,24194,565,786,120,0,402828,2560,0,0
1,20,24194,560,24,121,0,406185,2567,0,0
1,20,24194,561,690,122,0,409542,2562,0,0
1,20,24194,558,124,123,0,412899,2572,0,0
1,20,24194,569,1931,124,0,416256,2553,0,0
1,20,24194,565,49,125,0,419611,2563,0,0
1,20,24194,560,44,126,0,422968,2573,0,0
1,20,24194,559,311,127,0,426325,2577,0,0
1,20,24194,563,1174,128,0,429682,2567,0,0
1,20,24194,560,189,129,0,433039,2572,0,0
1,20,24194,557,90,130,0,436396,2581,0,0
1,20,24194,553,65,131,0,439752,2592,0,0
1,20,24194,549,71,132,0,443109,2598,0,0
1,20,24194,548,311,133,0,446466,2604,0,0
1,20,24194,559,2024,134,0,449823,2582,0,0
1,20,24194,556,200,135,0,453180,2585,0,0
1,20,24194,562,1349,136,0,456536,2574,0,0
1,20,24194,558,58,137,0,459893,2583,0,0
1,20,24194,556,340,138,0,463250,2584,0,0
1,20,24194,553,86,139,0,466607,2590,0,0
1,20,24194,558,1282,140,0,469964,2577,0,0
1,20,24194,555,156,141,0,473321,2581,0,0
1,20,24194,554,347,142,0,476677,2583,0,0
1,20,24194,556,836,143,0,480034,2579,0,0
1,20,24194,562,1469,144,0,483391,2568,0,0
1,20,24194,560,249,145,0,486748,2571,0,0
1,20,24194,557,146,146,0,490105,2579,0,0
1,20,24194,559,871,147,0,493462,2574,0,0
1,20,24194,556,105,148,0,496819,2580,0,0
1,20,24194,575,3396,149,0,500176,2542,0,0
1,20,24194,572,75,150,0,503533,2550,0,0
1,20,24194,569,46,151,0,506890,2554,0,0
1,20,24194,569,567,152,0,510247,2553,0,0
1,20,24194,566,188,153,0,513603,2559,0,0
1,20,24194,563,102,154,0,516960,2568,0,0
1,20,24194,571,1751,155,0,520317,2553,0,0
1,20,24194,575,1294,156,0,523674,2546,0,0
1,20,24194,572,63,157,0,527031,2550,0,0
1,20,24194,569,98,158,0,530388,2558,0,0
1,20,24194,568,475,159,0,533745,2562,0,0
1,20,24194,565,88,160,0,537102,2570,0,0
1,20,24194,562,59,161,0,540459,2576,0,0
1,20,24194,561,341,162,0,543816,2578,0,0
1,20,24194,559,163,163,0,547173,2584,0,0
1,20,24194,557,277,164,0,550529,2589,0,0
1,20,24194,554,75,165,0,553885,2594,0,0
1,20,24194,551,70,166,0,557242,2603,0,0
1,20,24194,549,170,167,0,560598,2610,0,0
1,20,24194,546,90,168,0,563955,2617,0,0
1,20,24194,543,133,169,0,567312,2621,0,0
1,20,24194,541,95,170,0,570669,2627,0,0
1,20,24194,539,150,171,0,574026,2634,0,0
1,20,24194,536,168,172,0,577383,2641,0,0
1,20,24194,535,212,173,0,580739,2646,0,0
1,20,24194,532,87,174,0,584096,2654,0,0
1,20,24194,530,116,175,0,587453,2661,0,0
1,20,24194,530,551,176,0,590810,2662,0,0
1,20,24194,532,1029,177,0,594167,2658,0,0
1,20,24194,549,3424,178,0,597524,2623,0,0
1,20,24194,546,78,179,0,600881,2624,0,0
1,20,24194,548,959,180,0,604238,2621,0,0
1,20,24194,546,162,181,0,607595,2621,0,0
1,20,24194,544,97,182,0,610952,2625,0,0
1,20,24194,543,329,183,0,614309,2628,0,0
1,20,24194,548,1513,184,0,617666,2616,0,0
1,20,24194,545,95,185,0,621023,2619,0,0
1,20,24194,543,52,186,0,624380,2623,0,0
1,20,24194,540,58,187,0,627737,2631,0,0
1,20,24194,540,576,188,0,631094,2630,0,0
1,20,24194,539,374,189,0,634451,2630,0,0
1,20,24194,537,49,190,0,637808,2634,0,0
1,20,24194,535,136,191,0,641165,2636,0,0
1,20,24194,534,292,192,0,644522,2641,0,0
1,20,24194,533,469,193,0,647877,2643,0,0
1,20,24194,534,617,194,0,651234,2642,0,0
1,20,24194,531,37,195,0,654591,2646,0,0
1,20,24194,529,56,196,0,657948,2651,0,0
1,20,24194,526,23,197,0,661305,2654,0,0
1,20,24194,524,120,198,0,664662,2658,0,0
1,20,24194,522,87,199,0,668019,2664,0,0
1,20,24194,519,52,200,0,671376,2667,0,0
